# Generated: Wed Jan 28 14:37:51 2026
# Parameters: n_x=20, n_y=60, annular=1
# Node count: 1281
1281
       0  0.000000000000e+00  0.000000000000e+00
       1  1.000000000000e+00  0.000000000000e+00
       2  2.000000000000e+00  0.000000000000e+00
       3  3.000000000000e+00  0.000000000000e+00
       4  4.000000000000e+00  0.000000000000e+00
       5  5.000000000000e+00  0.000000000000e+00
       6  6.000000000000e+00  0.000000000000e+00
       7  7.000000000000e+00  0.000000000000e+00
       8  8.000000000000e+00  0.000000000000e+00
       9  9.000000000000e+00  0.000000000000e+00
      10  1.000000000000e+01  0.000000000000e+00
      11  1.100000000000e+01  0.000000000000e+00
      12  1.200000000000e+01  0.000000000000e+00
      13  1.300000000000e+01  0.000000000000e+00
      14  1.400000000000e+01  0.000000000000e+00
      15  1.500000000000e+01  0.000000000000e+00
      16  1.600000000000e+01  0.000000000000e+00
      17  1.700000000000e+01  0.000000000000e+00
      18  1.800000000000e+01  0.000000000000e+00
      19  1.900000000000e+01  0.000000000000e+00
      20  2.000000000000e+01  0.000000000000e+00
      21  0.000000000000e+00  3.333333333333e-01
      22  1.000000000000e+00  3.333333333333e-01
      23  2.000000000000e+00  3.333333333333e-01
      24  3.000000000000e+00  3.333333333333e-01
      25  4.000000000000e+00  3.333333333333e-01
      26  5.000000000000e+00  3.333333333333e-01
      27  6.000000000000e+00  3.333333333333e-01
      28  7.000000000000e+00  3.333333333333e-01
      29  8.000000000000e+00  3.333333333333e-01
      30  9.000000000000e+00  3.333333333333e-01
      31  1.000000000000e+01  3.333333333333e-01
      32  1.100000000000e+01  3.333333333333e-01
      33  1.200000000000e+01  3.333333333333e-01
      34  1.300000000000e+01  3.333333333333e-01
      35  1.400000000000e+01  3.333333333333e-01
      36  1.500000000000e+01  3.333333333333e-01
      37  1.600000000000e+01  3.333333333333e-01
      38  1.700000000000e+01  3.333333333333e-01
      39  1.800000000000e+01  3.333333333333e-01
      40  1.900000000000e+01  3.333333333333e-01
      41  2.000000000000e+01  3.333333333333e-01
      42  0.000000000000e+00  6.666666666667e-01
      43  1.000000000000e+00  6.666666666667e-01
      44  2.000000000000e+00  6.666666666667e-01
      45  3.000000000000e+00  6.666666666667e-01
      46  4.000000000000e+00  6.666666666667e-01
      47  5.000000000000e+00  6.666666666667e-01
      48  6.000000000000e+00  6.666666666667e-01
      49  7.000000000000e+00  6.666666666667e-01
      50  8.000000000000e+00  6.666666666667e-01
      51  9.000000000000e+00  6.666666666667e-01
      52  1.000000000000e+01  6.666666666667e-01
      53  1.100000000000e+01  6.666666666667e-01
      54  1.200000000000e+01  6.666666666667e-01
      55  1.300000000000e+01  6.666666666667e-01
      56  1.400000000000e+01  6.666666666667e-01
      57  1.500000000000e+01  6.666666666667e-01
      58  1.600000000000e+01  6.666666666667e-01
      59  1.700000000000e+01  6.666666666667e-01
      60  1.800000000000e+01  6.666666666667e-01
      61  1.900000000000e+01  6.666666666667e-01
      62  2.000000000000e+01  6.666666666667e-01
      63  0.000000000000e+00  1.000000000000e+00
      64  1.000000000000e+00  1.000000000000e+00
      65  2.000000000000e+00  1.000000000000e+00
      66  3.000000000000e+00  1.000000000000e+00
      67  4.000000000000e+00  1.000000000000e+00
      68  5.000000000000e+00  1.000000000000e+00
      69  6.000000000000e+00  1.000000000000e+00
      70  7.000000000000e+00  1.000000000000e+00
      71  8.000000000000e+00  1.000000000000e+00
      72  9.000000000000e+00  1.000000000000e+00
      73  1.000000000000e+01  1.000000000000e+00
      74  1.100000000000e+01  1.000000000000e+00
      75  1.200000000000e+01  1.000000000000e+00
      76  1.300000000000e+01  1.000000000000e+00
      77  1.400000000000e+01  1.000000000000e+00
      78  1.500000000000e+01  1.000000000000e+00
      79  1.600000000000e+01  1.000000000000e+00
      80  1.700000000000e+01  1.000000000000e+00
      81  1.800000000000e+01  1.000000000000e+00
      82  1.900000000000e+01  1.000000000000e+00
      83  2.000000000000e+01  1.000000000000e+00
      84  0.000000000000e+00  1.333333333333e+00
      85  1.000000000000e+00  1.333333333333e+00
      86  2.000000000000e+00  1.333333333333e+00
      87  3.000000000000e+00  1.333333333333e+00
      88  4.000000000000e+00  1.333333333333e+00
      89  5.000000000000e+00  1.333333333333e+00
      90  6.000000000000e+00  1.333333333333e+00
      91  7.000000000000e+00  1.333333333333e+00
      92  8.000000000000e+00  1.333333333333e+00
      93  9.000000000000e+00  1.333333333333e+00
      94  1.000000000000e+01  1.333333333333e+00
      95  1.100000000000e+01  1.333333333333e+00
      96  1.200000000000e+01  1.333333333333e+00
      97  1.300000000000e+01  1.333333333333e+00
      98  1.400000000000e+01  1.333333333333e+00
      99  1.500000000000e+01  1.333333333333e+00
     100  1.600000000000e+01  1.333333333333e+00
     101  1.700000000000e+01  1.333333333333e+00
     102  1.800000000000e+01  1.333333333333e+00
     103  1.900000000000e+01  1.333333333333e+00
     104  2.000000000000e+01  1.333333333333e+00
     105  0.000000000000e+00  1.666666666667e+00
     106  1.000000000000e+00  1.666666666667e+00
     107  2.000000000000e+00  1.666666666667e+00
     108  3.000000000000e+00  1.666666666667e+00
     109  4.000000000000e+00  1.666666666667e+00
     110  5.000000000000e+00  1.666666666667e+00
     111  6.000000000000e+00  1.666666666667e+00
     112  7.000000000000e+00  1.666666666667e+00
     113  8.000000000000e+00  1.666666666667e+00
     114  9.000000000000e+00  1.666666666667e+00
     115  1.000000000000e+01  1.666666666667e+00
     116  1.100000000000e+01  1.666666666667e+00
     117  1.200000000000e+01  1.666666666667e+00
     118  1.300000000000e+01  1.666666666667e+00
     119  1.400000000000e+01  1.666666666667e+00
     120  1.500000000000e+01  1.666666666667e+00
     121  1.600000000000e+01  1.666666666667e+00
     122  1.700000000000e+01  1.666666666667e+00
     123  1.800000000000e+01  1.666666666667e+00
     124  1.900000000000e+01  1.666666666667e+00
     125  2.000000000000e+01  1.666666666667e+00
     126  0.000000000000e+00  2.000000000000e+00
     127  1.000000000000e+00  2.000000000000e+00
     128  2.000000000000e+00  2.000000000000e+00
     129  3.000000000000e+00  2.000000000000e+00
     130  4.000000000000e+00  2.000000000000e+00
     131  5.000000000000e+00  2.000000000000e+00
     132  6.000000000000e+00  2.000000000000e+00
     133  7.000000000000e+00  2.000000000000e+00
     134  8.000000000000e+00  2.000000000000e+00
     135  9.000000000000e+00  2.000000000000e+00
     136  1.000000000000e+01  2.000000000000e+00
     137  1.100000000000e+01  2.000000000000e+00
     138  1.200000000000e+01  2.000000000000e+00
     139  1.300000000000e+01  2.000000000000e+00
     140  1.400000000000e+01  2.000000000000e+00
     141  1.500000000000e+01  2.000000000000e+00
     142  1.600000000000e+01  2.000000000000e+00
     143  1.700000000000e+01  2.000000000000e+00
     144  1.800000000000e+01  2.000000000000e+00
     145  1.900000000000e+01  2.000000000000e+00
     146  2.000000000000e+01  2.000000000000e+00
     147  0.000000000000e+00  2.333333333333e+00
     148  1.000000000000e+00  2.333333333333e+00
     149  2.000000000000e+00  2.333333333333e+00
     150  3.000000000000e+00  2.333333333333e+00
     151  4.000000000000e+00  2.333333333333e+00
     152  5.000000000000e+00  2.333333333333e+00
     153  6.000000000000e+00  2.333333333333e+00
     154  7.000000000000e+00  2.333333333333e+00
     155  8.000000000000e+00  2.333333333333e+00
     156  9.000000000000e+00  2.333333333333e+00
     157  1.000000000000e+01  2.333333333333e+00
     158  1.100000000000e+01  2.333333333333e+00
     159  1.200000000000e+01  2.333333333333e+00
     160  1.300000000000e+01  2.333333333333e+00
     161  1.400000000000e+01  2.333333333333e+00
     162  1.500000000000e+01  2.333333333333e+00
     163  1.600000000000e+01  2.333333333333e+00
     164  1.700000000000e+01  2.333333333333e+00
     165  1.800000000000e+01  2.333333333333e+00
     166  1.900000000000e+01  2.333333333333e+00
     167  2.000000000000e+01  2.333333333333e+00
     168  0.000000000000e+00  2.666666666667e+00
     169  1.000000000000e+00  2.666666666667e+00
     170  2.000000000000e+00  2.666666666667e+00
     171  3.000000000000e+00  2.666666666667e+00
     172  4.000000000000e+00  2.666666666667e+00
     173  5.000000000000e+00  2.666666666667e+00
     174  6.000000000000e+00  2.666666666667e+00
     175  7.000000000000e+00  2.666666666667e+00
     176  8.000000000000e+00  2.666666666667e+00
     177  9.000000000000e+00  2.666666666667e+00
     178  1.000000000000e+01  2.666666666667e+00
     179  1.100000000000e+01  2.666666666667e+00
     180  1.200000000000e+01  2.666666666667e+00
     181  1.300000000000e+01  2.666666666667e+00
     182  1.400000000000e+01  2.666666666667e+00
     183  1.500000000000e+01  2.666666666667e+00
     184  1.600000000000e+01  2.666666666667e+00
     185  1.700000000000e+01  2.666666666667e+00
     186  1.800000000000e+01  2.666666666667e+00
     187  1.900000000000e+01  2.666666666667e+00
     188  2.000000000000e+01  2.666666666667e+00
     189  0.000000000000e+00  3.000000000000e+00
     190  1.000000000000e+00  3.000000000000e+00
     191  2.000000000000e+00  3.000000000000e+00
     192  3.000000000000e+00  3.000000000000e+00
     193  4.000000000000e+00  3.000000000000e+00
     194  5.000000000000e+00  3.000000000000e+00
     195  6.000000000000e+00  3.000000000000e+00
     196  7.000000000000e+00  3.000000000000e+00
     197  8.000000000000e+00  3.000000000000e+00
     198  9.000000000000e+00  3.000000000000e+00
     199  1.000000000000e+01  3.000000000000e+00
     200  1.100000000000e+01  3.000000000000e+00
     201  1.200000000000e+01  3.000000000000e+00
     202  1.300000000000e+01  3.000000000000e+00
     203  1.400000000000e+01  3.000000000000e+00
     204  1.500000000000e+01  3.000000000000e+00
     205  1.600000000000e+01  3.000000000000e+00
     206  1.700000000000e+01  3.000000000000e+00
     207  1.800000000000e+01  3.000000000000e+00
     208  1.900000000000e+01  3.000000000000e+00
     209  2.000000000000e+01  3.000000000000e+00
     210  0.000000000000e+00  3.333333333333e+00
     211  1.000000000000e+00  3.333333333333e+00
     212  2.000000000000e+00  3.333333333333e+00
     213  3.000000000000e+00  3.333333333333e+00
     214  4.000000000000e+00  3.333333333333e+00
     215  5.000000000000e+00  3.333333333333e+00
     216  6.000000000000e+00  3.333333333333e+00
     217  7.000000000000e+00  3.333333333333e+00
     218  8.000000000000e+00  3.333333333333e+00
     219  9.000000000000e+00  3.333333333333e+00
     220  1.000000000000e+01  3.333333333333e+00
     221  1.100000000000e+01  3.333333333333e+00
     222  1.200000000000e+01  3.333333333333e+00
     223  1.300000000000e+01  3.333333333333e+00
     224  1.400000000000e+01  3.333333333333e+00
     225  1.500000000000e+01  3.333333333333e+00
     226  1.600000000000e+01  3.333333333333e+00
     227  1.700000000000e+01  3.333333333333e+00
     228  1.800000000000e+01  3.333333333333e+00
     229  1.900000000000e+01  3.333333333333e+00
     230  2.000000000000e+01  3.333333333333e+00
     231  0.000000000000e+00  3.666666666667e+00
     232  1.000000000000e+00  3.666666666667e+00
     233  2.000000000000e+00  3.666666666667e+00
     234  3.000000000000e+00  3.666666666667e+00
     235  4.000000000000e+00  3.666666666667e+00
     236  5.000000000000e+00  3.666666666667e+00
     237  6.000000000000e+00  3.666666666667e+00
     238  7.000000000000e+00  3.666666666667e+00
     239  8.000000000000e+00  3.666666666667e+00
     240  9.000000000000e+00  3.666666666667e+00
     241  1.000000000000e+01  3.666666666667e+00
     242  1.100000000000e+01  3.666666666667e+00
     243  1.200000000000e+01  3.666666666667e+00
     244  1.300000000000e+01  3.666666666667e+00
     245  1.400000000000e+01  3.666666666667e+00
     246  1.500000000000e+01  3.666666666667e+00
     247  1.600000000000e+01  3.666666666667e+00
     248  1.700000000000e+01  3.666666666667e+00
     249  1.800000000000e+01  3.666666666667e+00
     250  1.900000000000e+01  3.666666666667e+00
     251  2.000000000000e+01  3.666666666667e+00
     252  0.000000000000e+00  4.000000000000e+00
     253  1.000000000000e+00  4.000000000000e+00
     254  2.000000000000e+00  4.000000000000e+00
     255  3.000000000000e+00  4.000000000000e+00
     256  4.000000000000e+00  4.000000000000e+00
     257  5.000000000000e+00  4.000000000000e+00
     258  6.000000000000e+00  4.000000000000e+00
     259  7.000000000000e+00  4.000000000000e+00
     260  8.000000000000e+00  4.000000000000e+00
     261  9.000000000000e+00  4.000000000000e+00
     262  1.000000000000e+01  4.000000000000e+00
     263  1.100000000000e+01  4.000000000000e+00
     264  1.200000000000e+01  4.000000000000e+00
     265  1.300000000000e+01  4.000000000000e+00
     266  1.400000000000e+01  4.000000000000e+00
     267  1.500000000000e+01  4.000000000000e+00
     268  1.600000000000e+01  4.000000000000e+00
     269  1.700000000000e+01  4.000000000000e+00
     270  1.800000000000e+01  4.000000000000e+00
     271  1.900000000000e+01  4.000000000000e+00
     272  2.000000000000e+01  4.000000000000e+00
     273  0.000000000000e+00  4.333333333333e+00
     274  1.000000000000e+00  4.333333333333e+00
     275  2.000000000000e+00  4.333333333333e+00
     276  3.000000000000e+00  4.333333333333e+00
     277  4.000000000000e+00  4.333333333333e+00
     278  5.000000000000e+00  4.333333333333e+00
     279  6.000000000000e+00  4.333333333333e+00
     280  7.000000000000e+00  4.333333333333e+00
     281  8.000000000000e+00  4.333333333333e+00
     282  9.000000000000e+00  4.333333333333e+00
     283  1.000000000000e+01  4.333333333333e+00
     284  1.100000000000e+01  4.333333333333e+00
     285  1.200000000000e+01  4.333333333333e+00
     286  1.300000000000e+01  4.333333333333e+00
     287  1.400000000000e+01  4.333333333333e+00
     288  1.500000000000e+01  4.333333333333e+00
     289  1.600000000000e+01  4.333333333333e+00
     290  1.700000000000e+01  4.333333333333e+00
     291  1.800000000000e+01  4.333333333333e+00
     292  1.900000000000e+01  4.333333333333e+00
     293  2.000000000000e+01  4.333333333333e+00
     294  0.000000000000e+00  4.666666666667e+00
     295  1.000000000000e+00  4.666666666667e+00
     296  2.000000000000e+00  4.666666666667e+00
     297  3.000000000000e+00  4.666666666667e+00
     298  4.000000000000e+00  4.666666666667e+00
     299  5.000000000000e+00  4.666666666667e+00
     300  6.000000000000e+00  4.666666666667e+00
     301  7.000000000000e+00  4.666666666667e+00
     302  8.000000000000e+00  4.666666666667e+00
     303  9.000000000000e+00  4.666666666667e+00
     304  1.000000000000e+01  4.666666666667e+00
     305  1.100000000000e+01  4.666666666667e+00
     306  1.200000000000e+01  4.666666666667e+00
     307  1.300000000000e+01  4.666666666667e+00
     308  1.400000000000e+01  4.666666666667e+00
     309  1.500000000000e+01  4.666666666667e+00
     310  1.600000000000e+01  4.666666666667e+00
     311  1.700000000000e+01  4.666666666667e+00
     312  1.800000000000e+01  4.666666666667e+00
     313  1.900000000000e+01  4.666666666667e+00
     314  2.000000000000e+01  4.666666666667e+00
     315  0.000000000000e+00  5.000000000000e+00
     316  1.000000000000e+00  5.000000000000e+00
     317  2.000000000000e+00  5.000000000000e+00
     318  3.000000000000e+00  5.000000000000e+00
     319  4.000000000000e+00  5.000000000000e+00
     320  5.000000000000e+00  5.000000000000e+00
     321  6.000000000000e+00  5.000000000000e+00
     322  7.000000000000e+00  5.000000000000e+00
     323  8.000000000000e+00  5.000000000000e+00
     324  9.000000000000e+00  5.000000000000e+00
     325  1.000000000000e+01  5.000000000000e+00
     326  1.100000000000e+01  5.000000000000e+00
     327  1.200000000000e+01  5.000000000000e+00
     328  1.300000000000e+01  5.000000000000e+00
     329  1.400000000000e+01  5.000000000000e+00
     330  1.500000000000e+01  5.000000000000e+00
     331  1.600000000000e+01  5.000000000000e+00
     332  1.700000000000e+01  5.000000000000e+00
     333  1.800000000000e+01  5.000000000000e+00
     334  1.900000000000e+01  5.000000000000e+00
     335  2.000000000000e+01  5.000000000000e+00
     336  0.000000000000e+00  5.333333333333e+00
     337  1.000000000000e+00  5.333333333333e+00
     338  2.000000000000e+00  5.333333333333e+00
     339  3.000000000000e+00  5.333333333333e+00
     340  4.000000000000e+00  5.333333333333e+00
     341  5.000000000000e+00  5.333333333333e+00
     342  6.000000000000e+00  5.333333333333e+00
     343  7.000000000000e+00  5.333333333333e+00
     344  8.000000000000e+00  5.333333333333e+00
     345  9.000000000000e+00  5.333333333333e+00
     346  1.000000000000e+01  5.333333333333e+00
     347  1.100000000000e+01  5.333333333333e+00
     348  1.200000000000e+01  5.333333333333e+00
     349  1.300000000000e+01  5.333333333333e+00
     350  1.400000000000e+01  5.333333333333e+00
     351  1.500000000000e+01  5.333333333333e+00
     352  1.600000000000e+01  5.333333333333e+00
     353  1.700000000000e+01  5.333333333333e+00
     354  1.800000000000e+01  5.333333333333e+00
     355  1.900000000000e+01  5.333333333333e+00
     356  2.000000000000e+01  5.333333333333e+00
     357  0.000000000000e+00  5.666666666667e+00
     358  1.000000000000e+00  5.666666666667e+00
     359  2.000000000000e+00  5.666666666667e+00
     360  3.000000000000e+00  5.666666666667e+00
     361  4.000000000000e+00  5.666666666667e+00
     362  5.000000000000e+00  5.666666666667e+00
     363  6.000000000000e+00  5.666666666667e+00
     364  7.000000000000e+00  5.666666666667e+00
     365  8.000000000000e+00  5.666666666667e+00
     366  9.000000000000e+00  5.666666666667e+00
     367  1.000000000000e+01  5.666666666667e+00
     368  1.100000000000e+01  5.666666666667e+00
     369  1.200000000000e+01  5.666666666667e+00
     370  1.300000000000e+01  5.666666666667e+00
     371  1.400000000000e+01  5.666666666667e+00
     372  1.500000000000e+01  5.666666666667e+00
     373  1.600000000000e+01  5.666666666667e+00
     374  1.700000000000e+01  5.666666666667e+00
     375  1.800000000000e+01  5.666666666667e+00
     376  1.900000000000e+01  5.666666666667e+00
     377  2.000000000000e+01  5.666666666667e+00
     378  0.000000000000e+00  6.000000000000e+00
     379  1.000000000000e+00  6.000000000000e+00
     380  2.000000000000e+00  6.000000000000e+00
     381  3.000000000000e+00  6.000000000000e+00
     382  4.000000000000e+00  6.000000000000e+00
     383  5.000000000000e+00  6.000000000000e+00
     384  6.000000000000e+00  6.000000000000e+00
     385  7.000000000000e+00  6.000000000000e+00
     386  8.000000000000e+00  6.000000000000e+00
     387  9.000000000000e+00  6.000000000000e+00
     388  1.000000000000e+01  6.000000000000e+00
     389  1.100000000000e+01  6.000000000000e+00
     390  1.200000000000e+01  6.000000000000e+00
     391  1.300000000000e+01  6.000000000000e+00
     392  1.400000000000e+01  6.000000000000e+00
     393  1.500000000000e+01  6.000000000000e+00
     394  1.600000000000e+01  6.000000000000e+00
     395  1.700000000000e+01  6.000000000000e+00
     396  1.800000000000e+01  6.000000000000e+00
     397  1.900000000000e+01  6.000000000000e+00
     398  2.000000000000e+01  6.000000000000e+00
     399  0.000000000000e+00  6.333333333333e+00
     400  1.000000000000e+00  6.333333333333e+00
     401  2.000000000000e+00  6.333333333333e+00
     402  3.000000000000e+00  6.333333333333e+00
     403  4.000000000000e+00  6.333333333333e+00
     404  5.000000000000e+00  6.333333333333e+00
     405  6.000000000000e+00  6.333333333333e+00
     406  7.000000000000e+00  6.333333333333e+00
     407  8.000000000000e+00  6.333333333333e+00
     408  9.000000000000e+00  6.333333333333e+00
     409  1.000000000000e+01  6.333333333333e+00
     410  1.100000000000e+01  6.333333333333e+00
     411  1.200000000000e+01  6.333333333333e+00
     412  1.300000000000e+01  6.333333333333e+00
     413  1.400000000000e+01  6.333333333333e+00
     414  1.500000000000e+01  6.333333333333e+00
     415  1.600000000000e+01  6.333333333333e+00
     416  1.700000000000e+01  6.333333333333e+00
     417  1.800000000000e+01  6.333333333333e+00
     418  1.900000000000e+01  6.333333333333e+00
     419  2.000000000000e+01  6.333333333333e+00
     420  0.000000000000e+00  6.666666666667e+00
     421  1.000000000000e+00  6.666666666667e+00
     422  2.000000000000e+00  6.666666666667e+00
     423  3.000000000000e+00  6.666666666667e+00
     424  4.000000000000e+00  6.666666666667e+00
     425  5.000000000000e+00  6.666666666667e+00
     426  6.000000000000e+00  6.666666666667e+00
     427  7.000000000000e+00  6.666666666667e+00
     428  8.000000000000e+00  6.666666666667e+00
     429  9.000000000000e+00  6.666666666667e+00
     430  1.000000000000e+01  6.666666666667e+00
     431  1.100000000000e+01  6.666666666667e+00
     432  1.200000000000e+01  6.666666666667e+00
     433  1.300000000000e+01  6.666666666667e+00
     434  1.400000000000e+01  6.666666666667e+00
     435  1.500000000000e+01  6.666666666667e+00
     436  1.600000000000e+01  6.666666666667e+00
     437  1.700000000000e+01  6.666666666667e+00
     438  1.800000000000e+01  6.666666666667e+00
     439  1.900000000000e+01  6.666666666667e+00
     440  2.000000000000e+01  6.666666666667e+00
     441  0.000000000000e+00  7.000000000000e+00
     442  1.000000000000e+00  7.000000000000e+00
     443  2.000000000000e+00  7.000000000000e+00
     444  3.000000000000e+00  7.000000000000e+00
     445  4.000000000000e+00  7.000000000000e+00
     446  5.000000000000e+00  7.000000000000e+00
     447  6.000000000000e+00  7.000000000000e+00
     448  7.000000000000e+00  7.000000000000e+00
     449  8.000000000000e+00  7.000000000000e+00
     450  9.000000000000e+00  7.000000000000e+00
     451  1.000000000000e+01  7.000000000000e+00
     452  1.100000000000e+01  7.000000000000e+00
     453  1.200000000000e+01  7.000000000000e+00
     454  1.300000000000e+01  7.000000000000e+00
     455  1.400000000000e+01  7.000000000000e+00
     456  1.500000000000e+01  7.000000000000e+00
     457  1.600000000000e+01  7.000000000000e+00
     458  1.700000000000e+01  7.000000000000e+00
     459  1.800000000000e+01  7.000000000000e+00
     460  1.900000000000e+01  7.000000000000e+00
     461  2.000000000000e+01  7.000000000000e+00
     462  0.000000000000e+00  7.333333333333e+00
     463  1.000000000000e+00  7.333333333333e+00
     464  2.000000000000e+00  7.333333333333e+00
     465  3.000000000000e+00  7.333333333333e+00
     466  4.000000000000e+00  7.333333333333e+00
     467  5.000000000000e+00  7.333333333333e+00
     468  6.000000000000e+00  7.333333333333e+00
     469  7.000000000000e+00  7.333333333333e+00
     470  8.000000000000e+00  7.333333333333e+00
     471  9.000000000000e+00  7.333333333333e+00
     472  1.000000000000e+01  7.333333333333e+00
     473  1.100000000000e+01  7.333333333333e+00
     474  1.200000000000e+01  7.333333333333e+00
     475  1.300000000000e+01  7.333333333333e+00
     476  1.400000000000e+01  7.333333333333e+00
     477  1.500000000000e+01  7.333333333333e+00
     478  1.600000000000e+01  7.333333333333e+00
     479  1.700000000000e+01  7.333333333333e+00
     480  1.800000000000e+01  7.333333333333e+00
     481  1.900000000000e+01  7.333333333333e+00
     482  2.000000000000e+01  7.333333333333e+00
     483  0.000000000000e+00  7.666666666667e+00
     484  1.000000000000e+00  7.666666666667e+00
     485  2.000000000000e+00  7.666666666667e+00
     486  3.000000000000e+00  7.666666666667e+00
     487  4.000000000000e+00  7.666666666667e+00
     488  5.000000000000e+00  7.666666666667e+00
     489  6.000000000000e+00  7.666666666667e+00
     490  7.000000000000e+00  7.666666666667e+00
     491  8.000000000000e+00  7.666666666667e+00
     492  9.000000000000e+00  7.666666666667e+00
     493  1.000000000000e+01  7.666666666667e+00
     494  1.100000000000e+01  7.666666666667e+00
     495  1.200000000000e+01  7.666666666667e+00
     496  1.300000000000e+01  7.666666666667e+00
     497  1.400000000000e+01  7.666666666667e+00
     498  1.500000000000e+01  7.666666666667e+00
     499  1.600000000000e+01  7.666666666667e+00
     500  1.700000000000e+01  7.666666666667e+00
     501  1.800000000000e+01  7.666666666667e+00
     502  1.900000000000e+01  7.666666666667e+00
     503  2.000000000000e+01  7.666666666667e+00
     504  0.000000000000e+00  8.000000000000e+00
     505  1.000000000000e+00  8.000000000000e+00
     506  2.000000000000e+00  8.000000000000e+00
     507  3.000000000000e+00  8.000000000000e+00
     508  4.000000000000e+00  8.000000000000e+00
     509  5.000000000000e+00  8.000000000000e+00
     510  6.000000000000e+00  8.000000000000e+00
     511  7.000000000000e+00  8.000000000000e+00
     512  8.000000000000e+00  8.000000000000e+00
     513  9.000000000000e+00  8.000000000000e+00
     514  1.000000000000e+01  8.000000000000e+00
     515  1.100000000000e+01  8.000000000000e+00
     516  1.200000000000e+01  8.000000000000e+00
     517  1.300000000000e+01  8.000000000000e+00
     518  1.400000000000e+01  8.000000000000e+00
     519  1.500000000000e+01  8.000000000000e+00
     520  1.600000000000e+01  8.000000000000e+00
     521  1.700000000000e+01  8.000000000000e+00
     522  1.800000000000e+01  8.000000000000e+00
     523  1.900000000000e+01  8.000000000000e+00
     524  2.000000000000e+01  8.000000000000e+00
     525  0.000000000000e+00  8.333333333333e+00
     526  1.000000000000e+00  8.333333333333e+00
     527  2.000000000000e+00  8.333333333333e+00
     528  3.000000000000e+00  8.333333333333e+00
     529  4.000000000000e+00  8.333333333333e+00
     530  5.000000000000e+00  8.333333333333e+00
     531  6.000000000000e+00  8.333333333333e+00
     532  7.000000000000e+00  8.333333333333e+00
     533  8.000000000000e+00  8.333333333333e+00
     534  9.000000000000e+00  8.333333333333e+00
     535  1.000000000000e+01  8.333333333333e+00
     536  1.100000000000e+01  8.333333333333e+00
     537  1.200000000000e+01  8.333333333333e+00
     538  1.300000000000e+01  8.333333333333e+00
     539  1.400000000000e+01  8.333333333333e+00
     540  1.500000000000e+01  8.333333333333e+00
     541  1.600000000000e+01  8.333333333333e+00
     542  1.700000000000e+01  8.333333333333e+00
     543  1.800000000000e+01  8.333333333333e+00
     544  1.900000000000e+01  8.333333333333e+00
     545  2.000000000000e+01  8.333333333333e+00
     546  0.000000000000e+00  8.666666666667e+00
     547  1.000000000000e+00  8.666666666667e+00
     548  2.000000000000e+00  8.666666666667e+00
     549  3.000000000000e+00  8.666666666667e+00
     550  4.000000000000e+00  8.666666666667e+00
     551  5.000000000000e+00  8.666666666667e+00
     552  6.000000000000e+00  8.666666666667e+00
     553  7.000000000000e+00  8.666666666667e+00
     554  8.000000000000e+00  8.666666666667e+00
     555  9.000000000000e+00  8.666666666667e+00
     556  1.000000000000e+01  8.666666666667e+00
     557  1.100000000000e+01  8.666666666667e+00
     558  1.200000000000e+01  8.666666666667e+00
     559  1.300000000000e+01  8.666666666667e+00
     560  1.400000000000e+01  8.666666666667e+00
     561  1.500000000000e+01  8.666666666667e+00
     562  1.600000000000e+01  8.666666666667e+00
     563  1.700000000000e+01  8.666666666667e+00
     564  1.800000000000e+01  8.666666666667e+00
     565  1.900000000000e+01  8.666666666667e+00
     566  2.000000000000e+01  8.666666666667e+00
     567  0.000000000000e+00  9.000000000000e+00
     568  1.000000000000e+00  9.000000000000e+00
     569  2.000000000000e+00  9.000000000000e+00
     570  3.000000000000e+00  9.000000000000e+00
     571  4.000000000000e+00  9.000000000000e+00
     572  5.000000000000e+00  9.000000000000e+00
     573  6.000000000000e+00  9.000000000000e+00
     574  7.000000000000e+00  9.000000000000e+00
     575  8.000000000000e+00  9.000000000000e+00
     576  9.000000000000e+00  9.000000000000e+00
     577  1.000000000000e+01  9.000000000000e+00
     578  1.100000000000e+01  9.000000000000e+00
     579  1.200000000000e+01  9.000000000000e+00
     580  1.300000000000e+01  9.000000000000e+00
     581  1.400000000000e+01  9.000000000000e+00
     582  1.500000000000e+01  9.000000000000e+00
     583  1.600000000000e+01  9.000000000000e+00
     584  1.700000000000e+01  9.000000000000e+00
     585  1.800000000000e+01  9.000000000000e+00
     586  1.900000000000e+01  9.000000000000e+00
     587  2.000000000000e+01  9.000000000000e+00
     588  0.000000000000e+00  9.333333333333e+00
     589  1.000000000000e+00  9.333333333333e+00
     590  2.000000000000e+00  9.333333333333e+00
     591  3.000000000000e+00  9.333333333333e+00
     592  4.000000000000e+00  9.333333333333e+00
     593  5.000000000000e+00  9.333333333333e+00
     594  6.000000000000e+00  9.333333333333e+00
     595  7.000000000000e+00  9.333333333333e+00
     596  8.000000000000e+00  9.333333333333e+00
     597  9.000000000000e+00  9.333333333333e+00
     598  1.000000000000e+01  9.333333333333e+00
     599  1.100000000000e+01  9.333333333333e+00
     600  1.200000000000e+01  9.333333333333e+00
     601  1.300000000000e+01  9.333333333333e+00
     602  1.400000000000e+01  9.333333333333e+00
     603  1.500000000000e+01  9.333333333333e+00
     604  1.600000000000e+01  9.333333333333e+00
     605  1.700000000000e+01  9.333333333333e+00
     606  1.800000000000e+01  9.333333333333e+00
     607  1.900000000000e+01  9.333333333333e+00
     608  2.000000000000e+01  9.333333333333e+00
     609  0.000000000000e+00  9.666666666667e+00
     610  1.000000000000e+00  9.666666666667e+00
     611  2.000000000000e+00  9.666666666667e+00
     612  3.000000000000e+00  9.666666666667e+00
     613  4.000000000000e+00  9.666666666667e+00
     614  5.000000000000e+00  9.666666666667e+00
     615  6.000000000000e+00  9.666666666667e+00
     616  7.000000000000e+00  9.666666666667e+00
     617  8.000000000000e+00  9.666666666667e+00
     618  9.000000000000e+00  9.666666666667e+00
     619  1.000000000000e+01  9.666666666667e+00
     620  1.100000000000e+01  9.666666666667e+00
     621  1.200000000000e+01  9.666666666667e+00
     622  1.300000000000e+01  9.666666666667e+00
     623  1.400000000000e+01  9.666666666667e+00
     624  1.500000000000e+01  9.666666666667e+00
     625  1.600000000000e+01  9.666666666667e+00
     626  1.700000000000e+01  9.666666666667e+00
     627  1.800000000000e+01  9.666666666667e+00
     628  1.900000000000e+01  9.666666666667e+00
     629  2.000000000000e+01  9.666666666667e+00
     630  0.000000000000e+00  1.000000000000e+01
     631  1.000000000000e+00  1.000000000000e+01
     632  2.000000000000e+00  1.000000000000e+01
     633  3.000000000000e+00  1.000000000000e+01
     634  4.000000000000e+00  1.000000000000e+01
     635  5.000000000000e+00  1.000000000000e+01
     636  6.000000000000e+00  1.000000000000e+01
     637  7.000000000000e+00  1.000000000000e+01
     638  8.000000000000e+00  1.000000000000e+01
     639  9.000000000000e+00  1.000000000000e+01
     640  1.000000000000e+01  1.000000000000e+01
     641  1.100000000000e+01  1.000000000000e+01
     642  1.200000000000e+01  1.000000000000e+01
     643  1.300000000000e+01  1.000000000000e+01
     644  1.400000000000e+01  1.000000000000e+01
     645  1.500000000000e+01  1.000000000000e+01
     646  1.600000000000e+01  1.000000000000e+01
     647  1.700000000000e+01  1.000000000000e+01
     648  1.800000000000e+01  1.000000000000e+01
     649  1.900000000000e+01  1.000000000000e+01
     650  2.000000000000e+01  1.000000000000e+01
     651  0.000000000000e+00  1.033333333333e+01
     652  1.000000000000e+00  1.033333333333e+01
     653  2.000000000000e+00  1.033333333333e+01
     654  3.000000000000e+00  1.033333333333e+01
     655  4.000000000000e+00  1.033333333333e+01
     656  5.000000000000e+00  1.033333333333e+01
     657  6.000000000000e+00  1.033333333333e+01
     658  7.000000000000e+00  1.033333333333e+01
     659  8.000000000000e+00  1.033333333333e+01
     660  9.000000000000e+00  1.033333333333e+01
     661  1.000000000000e+01  1.033333333333e+01
     662  1.100000000000e+01  1.033333333333e+01
     663  1.200000000000e+01  1.033333333333e+01
     664  1.300000000000e+01  1.033333333333e+01
     665  1.400000000000e+01  1.033333333333e+01
     666  1.500000000000e+01  1.033333333333e+01
     667  1.600000000000e+01  1.033333333333e+01
     668  1.700000000000e+01  1.033333333333e+01
     669  1.800000000000e+01  1.033333333333e+01
     670  1.900000000000e+01  1.033333333333e+01
     671  2.000000000000e+01  1.033333333333e+01
     672  0.000000000000e+00  1.066666666667e+01
     673  1.000000000000e+00  1.066666666667e+01
     674  2.000000000000e+00  1.066666666667e+01
     675  3.000000000000e+00  1.066666666667e+01
     676  4.000000000000e+00  1.066666666667e+01
     677  5.000000000000e+00  1.066666666667e+01
     678  6.000000000000e+00  1.066666666667e+01
     679  7.000000000000e+00  1.066666666667e+01
     680  8.000000000000e+00  1.066666666667e+01
     681  9.000000000000e+00  1.066666666667e+01
     682  1.000000000000e+01  1.066666666667e+01
     683  1.100000000000e+01  1.066666666667e+01
     684  1.200000000000e+01  1.066666666667e+01
     685  1.300000000000e+01  1.066666666667e+01
     686  1.400000000000e+01  1.066666666667e+01
     687  1.500000000000e+01  1.066666666667e+01
     688  1.600000000000e+01  1.066666666667e+01
     689  1.700000000000e+01  1.066666666667e+01
     690  1.800000000000e+01  1.066666666667e+01
     691  1.900000000000e+01  1.066666666667e+01
     692  2.000000000000e+01  1.066666666667e+01
     693  0.000000000000e+00  1.100000000000e+01
     694  1.000000000000e+00  1.100000000000e+01
     695  2.000000000000e+00  1.100000000000e+01
     696  3.000000000000e+00  1.100000000000e+01
     697  4.000000000000e+00  1.100000000000e+01
     698  5.000000000000e+00  1.100000000000e+01
     699  6.000000000000e+00  1.100000000000e+01
     700  7.000000000000e+00  1.100000000000e+01
     701  8.000000000000e+00  1.100000000000e+01
     702  9.000000000000e+00  1.100000000000e+01
     703  1.000000000000e+01  1.100000000000e+01
     704  1.100000000000e+01  1.100000000000e+01
     705  1.200000000000e+01  1.100000000000e+01
     706  1.300000000000e+01  1.100000000000e+01
     707  1.400000000000e+01  1.100000000000e+01
     708  1.500000000000e+01  1.100000000000e+01
     709  1.600000000000e+01  1.100000000000e+01
     710  1.700000000000e+01  1.100000000000e+01
     711  1.800000000000e+01  1.100000000000e+01
     712  1.900000000000e+01  1.100000000000e+01
     713  2.000000000000e+01  1.100000000000e+01
     714  0.000000000000e+00  1.133333333333e+01
     715  1.000000000000e+00  1.133333333333e+01
     716  2.000000000000e+00  1.133333333333e+01
     717  3.000000000000e+00  1.133333333333e+01
     718  4.000000000000e+00  1.133333333333e+01
     719  5.000000000000e+00  1.133333333333e+01
     720  6.000000000000e+00  1.133333333333e+01
     721  7.000000000000e+00  1.133333333333e+01
     722  8.000000000000e+00  1.133333333333e+01
     723  9.000000000000e+00  1.133333333333e+01
     724  1.000000000000e+01  1.133333333333e+01
     725  1.100000000000e+01  1.133333333333e+01
     726  1.200000000000e+01  1.133333333333e+01
     727  1.300000000000e+01  1.133333333333e+01
     728  1.400000000000e+01  1.133333333333e+01
     729  1.500000000000e+01  1.133333333333e+01
     730  1.600000000000e+01  1.133333333333e+01
     731  1.700000000000e+01  1.133333333333e+01
     732  1.800000000000e+01  1.133333333333e+01
     733  1.900000000000e+01  1.133333333333e+01
     734  2.000000000000e+01  1.133333333333e+01
     735  0.000000000000e+00  1.166666666667e+01
     736  1.000000000000e+00  1.166666666667e+01
     737  2.000000000000e+00  1.166666666667e+01
     738  3.000000000000e+00  1.166666666667e+01
     739  4.000000000000e+00  1.166666666667e+01
     740  5.000000000000e+00  1.166666666667e+01
     741  6.000000000000e+00  1.166666666667e+01
     742  7.000000000000e+00  1.166666666667e+01
     743  8.000000000000e+00  1.166666666667e+01
     744  9.000000000000e+00  1.166666666667e+01
     745  1.000000000000e+01  1.166666666667e+01
     746  1.100000000000e+01  1.166666666667e+01
     747  1.200000000000e+01  1.166666666667e+01
     748  1.300000000000e+01  1.166666666667e+01
     749  1.400000000000e+01  1.166666666667e+01
     750  1.500000000000e+01  1.166666666667e+01
     751  1.600000000000e+01  1.166666666667e+01
     752  1.700000000000e+01  1.166666666667e+01
     753  1.800000000000e+01  1.166666666667e+01
     754  1.900000000000e+01  1.166666666667e+01
     755  2.000000000000e+01  1.166666666667e+01
     756  0.000000000000e+00  1.200000000000e+01
     757  1.000000000000e+00  1.200000000000e+01
     758  2.000000000000e+00  1.200000000000e+01
     759  3.000000000000e+00  1.200000000000e+01
     760  4.000000000000e+00  1.200000000000e+01
     761  5.000000000000e+00  1.200000000000e+01
     762  6.000000000000e+00  1.200000000000e+01
     763  7.000000000000e+00  1.200000000000e+01
     764  8.000000000000e+00  1.200000000000e+01
     765  9.000000000000e+00  1.200000000000e+01
     766  1.000000000000e+01  1.200000000000e+01
     767  1.100000000000e+01  1.200000000000e+01
     768  1.200000000000e+01  1.200000000000e+01
     769  1.300000000000e+01  1.200000000000e+01
     770  1.400000000000e+01  1.200000000000e+01
     771  1.500000000000e+01  1.200000000000e+01
     772  1.600000000000e+01  1.200000000000e+01
     773  1.700000000000e+01  1.200000000000e+01
     774  1.800000000000e+01  1.200000000000e+01
     775  1.900000000000e+01  1.200000000000e+01
     776  2.000000000000e+01  1.200000000000e+01
     777  0.000000000000e+00  1.233333333333e+01
     778  1.000000000000e+00  1.233333333333e+01
     779  2.000000000000e+00  1.233333333333e+01
     780  3.000000000000e+00  1.233333333333e+01
     781  4.000000000000e+00  1.233333333333e+01
     782  5.000000000000e+00  1.233333333333e+01
     783  6.000000000000e+00  1.233333333333e+01
     784  7.000000000000e+00  1.233333333333e+01
     785  8.000000000000e+00  1.233333333333e+01
     786  9.000000000000e+00  1.233333333333e+01
     787  1.000000000000e+01  1.233333333333e+01
     788  1.100000000000e+01  1.233333333333e+01
     789  1.200000000000e+01  1.233333333333e+01
     790  1.300000000000e+01  1.233333333333e+01
     791  1.400000000000e+01  1.233333333333e+01
     792  1.500000000000e+01  1.233333333333e+01
     793  1.600000000000e+01  1.233333333333e+01
     794  1.700000000000e+01  1.233333333333e+01
     795  1.800000000000e+01  1.233333333333e+01
     796  1.900000000000e+01  1.233333333333e+01
     797  2.000000000000e+01  1.233333333333e+01
     798  0.000000000000e+00  1.266666666667e+01
     799  1.000000000000e+00  1.266666666667e+01
     800  2.000000000000e+00  1.266666666667e+01
     801  3.000000000000e+00  1.266666666667e+01
     802  4.000000000000e+00  1.266666666667e+01
     803  5.000000000000e+00  1.266666666667e+01
     804  6.000000000000e+00  1.266666666667e+01
     805  7.000000000000e+00  1.266666666667e+01
     806  8.000000000000e+00  1.266666666667e+01
     807  9.000000000000e+00  1.266666666667e+01
     808  1.000000000000e+01  1.266666666667e+01
     809  1.100000000000e+01  1.266666666667e+01
     810  1.200000000000e+01  1.266666666667e+01
     811  1.300000000000e+01  1.266666666667e+01
     812  1.400000000000e+01  1.266666666667e+01
     813  1.500000000000e+01  1.266666666667e+01
     814  1.600000000000e+01  1.266666666667e+01
     815  1.700000000000e+01  1.266666666667e+01
     816  1.800000000000e+01  1.266666666667e+01
     817  1.900000000000e+01  1.266666666667e+01
     818  2.000000000000e+01  1.266666666667e+01
     819  0.000000000000e+00  1.300000000000e+01
     820  1.000000000000e+00  1.300000000000e+01
     821  2.000000000000e+00  1.300000000000e+01
     822  3.000000000000e+00  1.300000000000e+01
     823  4.000000000000e+00  1.300000000000e+01
     824  5.000000000000e+00  1.300000000000e+01
     825  6.000000000000e+00  1.300000000000e+01
     826  7.000000000000e+00  1.300000000000e+01
     827  8.000000000000e+00  1.300000000000e+01
     828  9.000000000000e+00  1.300000000000e+01
     829  1.000000000000e+01  1.300000000000e+01
     830  1.100000000000e+01  1.300000000000e+01
     831  1.200000000000e+01  1.300000000000e+01
     832  1.300000000000e+01  1.300000000000e+01
     833  1.400000000000e+01  1.300000000000e+01
     834  1.500000000000e+01  1.300000000000e+01
     835  1.600000000000e+01  1.300000000000e+01
     836  1.700000000000e+01  1.300000000000e+01
     837  1.800000000000e+01  1.300000000000e+01
     838  1.900000000000e+01  1.300000000000e+01
     839  2.000000000000e+01  1.300000000000e+01
     840  0.000000000000e+00  1.333333333333e+01
     841  1.000000000000e+00  1.333333333333e+01
     842  2.000000000000e+00  1.333333333333e+01
     843  3.000000000000e+00  1.333333333333e+01
     844  4.000000000000e+00  1.333333333333e+01
     845  5.000000000000e+00  1.333333333333e+01
     846  6.000000000000e+00  1.333333333333e+01
     847  7.000000000000e+00  1.333333333333e+01
     848  8.000000000000e+00  1.333333333333e+01
     849  9.000000000000e+00  1.333333333333e+01
     850  1.000000000000e+01  1.333333333333e+01
     851  1.100000000000e+01  1.333333333333e+01
     852  1.200000000000e+01  1.333333333333e+01
     853  1.300000000000e+01  1.333333333333e+01
     854  1.400000000000e+01  1.333333333333e+01
     855  1.500000000000e+01  1.333333333333e+01
     856  1.600000000000e+01  1.333333333333e+01
     857  1.700000000000e+01  1.333333333333e+01
     858  1.800000000000e+01  1.333333333333e+01
     859  1.900000000000e+01  1.333333333333e+01
     860  2.000000000000e+01  1.333333333333e+01
     861  0.000000000000e+00  1.366666666667e+01
     862  1.000000000000e+00  1.366666666667e+01
     863  2.000000000000e+00  1.366666666667e+01
     864  3.000000000000e+00  1.366666666667e+01
     865  4.000000000000e+00  1.366666666667e+01
     866  5.000000000000e+00  1.366666666667e+01
     867  6.000000000000e+00  1.366666666667e+01
     868  7.000000000000e+00  1.366666666667e+01
     869  8.000000000000e+00  1.366666666667e+01
     870  9.000000000000e+00  1.366666666667e+01
     871  1.000000000000e+01  1.366666666667e+01
     872  1.100000000000e+01  1.366666666667e+01
     873  1.200000000000e+01  1.366666666667e+01
     874  1.300000000000e+01  1.366666666667e+01
     875  1.400000000000e+01  1.366666666667e+01
     876  1.500000000000e+01  1.366666666667e+01
     877  1.600000000000e+01  1.366666666667e+01
     878  1.700000000000e+01  1.366666666667e+01
     879  1.800000000000e+01  1.366666666667e+01
     880  1.900000000000e+01  1.366666666667e+01
     881  2.000000000000e+01  1.366666666667e+01
     882  0.000000000000e+00  1.400000000000e+01
     883  1.000000000000e+00  1.400000000000e+01
     884  2.000000000000e+00  1.400000000000e+01
     885  3.000000000000e+00  1.400000000000e+01
     886  4.000000000000e+00  1.400000000000e+01
     887  5.000000000000e+00  1.400000000000e+01
     888  6.000000000000e+00  1.400000000000e+01
     889  7.000000000000e+00  1.400000000000e+01
     890  8.000000000000e+00  1.400000000000e+01
     891  9.000000000000e+00  1.400000000000e+01
     892  1.000000000000e+01  1.400000000000e+01
     893  1.100000000000e+01  1.400000000000e+01
     894  1.200000000000e+01  1.400000000000e+01
     895  1.300000000000e+01  1.400000000000e+01
     896  1.400000000000e+01  1.400000000000e+01
     897  1.500000000000e+01  1.400000000000e+01
     898  1.600000000000e+01  1.400000000000e+01
     899  1.700000000000e+01  1.400000000000e+01
     900  1.800000000000e+01  1.400000000000e+01
     901  1.900000000000e+01  1.400000000000e+01
     902  2.000000000000e+01  1.400000000000e+01
     903  0.000000000000e+00  1.433333333333e+01
     904  1.000000000000e+00  1.433333333333e+01
     905  2.000000000000e+00  1.433333333333e+01
     906  3.000000000000e+00  1.433333333333e+01
     907  4.000000000000e+00  1.433333333333e+01
     908  5.000000000000e+00  1.433333333333e+01
     909  6.000000000000e+00  1.433333333333e+01
     910  7.000000000000e+00  1.433333333333e+01
     911  8.000000000000e+00  1.433333333333e+01
     912  9.000000000000e+00  1.433333333333e+01
     913  1.000000000000e+01  1.433333333333e+01
     914  1.100000000000e+01  1.433333333333e+01
     915  1.200000000000e+01  1.433333333333e+01
     916  1.300000000000e+01  1.433333333333e+01
     917  1.400000000000e+01  1.433333333333e+01
     918  1.500000000000e+01  1.433333333333e+01
     919  1.600000000000e+01  1.433333333333e+01
     920  1.700000000000e+01  1.433333333333e+01
     921  1.800000000000e+01  1.433333333333e+01
     922  1.900000000000e+01  1.433333333333e+01
     923  2.000000000000e+01  1.433333333333e+01
     924  0.000000000000e+00  1.466666666667e+01
     925  1.000000000000e+00  1.466666666667e+01
     926  2.000000000000e+00  1.466666666667e+01
     927  3.000000000000e+00  1.466666666667e+01
     928  4.000000000000e+00  1.466666666667e+01
     929  5.000000000000e+00  1.466666666667e+01
     930  6.000000000000e+00  1.466666666667e+01
     931  7.000000000000e+00  1.466666666667e+01
     932  8.000000000000e+00  1.466666666667e+01
     933  9.000000000000e+00  1.466666666667e+01
     934  1.000000000000e+01  1.466666666667e+01
     935  1.100000000000e+01  1.466666666667e+01
     936  1.200000000000e+01  1.466666666667e+01
     937  1.300000000000e+01  1.466666666667e+01
     938  1.400000000000e+01  1.466666666667e+01
     939  1.500000000000e+01  1.466666666667e+01
     940  1.600000000000e+01  1.466666666667e+01
     941  1.700000000000e+01  1.466666666667e+01
     942  1.800000000000e+01  1.466666666667e+01
     943  1.900000000000e+01  1.466666666667e+01
     944  2.000000000000e+01  1.466666666667e+01
     945  0.000000000000e+00  1.500000000000e+01
     946  1.000000000000e+00  1.500000000000e+01
     947  2.000000000000e+00  1.500000000000e+01
     948  3.000000000000e+00  1.500000000000e+01
     949  4.000000000000e+00  1.500000000000e+01
     950  5.000000000000e+00  1.500000000000e+01
     951  6.000000000000e+00  1.500000000000e+01
     952  7.000000000000e+00  1.500000000000e+01
     953  8.000000000000e+00  1.500000000000e+01
     954  9.000000000000e+00  1.500000000000e+01
     955  1.000000000000e+01  1.500000000000e+01
     956  1.100000000000e+01  1.500000000000e+01
     957  1.200000000000e+01  1.500000000000e+01
     958  1.300000000000e+01  1.500000000000e+01
     959  1.400000000000e+01  1.500000000000e+01
     960  1.500000000000e+01  1.500000000000e+01
     961  1.600000000000e+01  1.500000000000e+01
     962  1.700000000000e+01  1.500000000000e+01
     963  1.800000000000e+01  1.500000000000e+01
     964  1.900000000000e+01  1.500000000000e+01
     965  2.000000000000e+01  1.500000000000e+01
     966  0.000000000000e+00  1.533333333333e+01
     967  1.000000000000e+00  1.533333333333e+01
     968  2.000000000000e+00  1.533333333333e+01
     969  3.000000000000e+00  1.533333333333e+01
     970  4.000000000000e+00  1.533333333333e+01
     971  5.000000000000e+00  1.533333333333e+01
     972  6.000000000000e+00  1.533333333333e+01
     973  7.000000000000e+00  1.533333333333e+01
     974  8.000000000000e+00  1.533333333333e+01
     975  9.000000000000e+00  1.533333333333e+01
     976  1.000000000000e+01  1.533333333333e+01
     977  1.100000000000e+01  1.533333333333e+01
     978  1.200000000000e+01  1.533333333333e+01
     979  1.300000000000e+01  1.533333333333e+01
     980  1.400000000000e+01  1.533333333333e+01
     981  1.500000000000e+01  1.533333333333e+01
     982  1.600000000000e+01  1.533333333333e+01
     983  1.700000000000e+01  1.533333333333e+01
     984  1.800000000000e+01  1.533333333333e+01
     985  1.900000000000e+01  1.533333333333e+01
     986  2.000000000000e+01  1.533333333333e+01
     987  0.000000000000e+00  1.566666666667e+01
     988  1.000000000000e+00  1.566666666667e+01
     989  2.000000000000e+00  1.566666666667e+01
     990  3.000000000000e+00  1.566666666667e+01
     991  4.000000000000e+00  1.566666666667e+01
     992  5.000000000000e+00  1.566666666667e+01
     993  6.000000000000e+00  1.566666666667e+01
     994  7.000000000000e+00  1.566666666667e+01
     995  8.000000000000e+00  1.566666666667e+01
     996  9.000000000000e+00  1.566666666667e+01
     997  1.000000000000e+01  1.566666666667e+01
     998  1.100000000000e+01  1.566666666667e+01
     999  1.200000000000e+01  1.566666666667e+01
    1000  1.300000000000e+01  1.566666666667e+01
    1001  1.400000000000e+01  1.566666666667e+01
    1002  1.500000000000e+01  1.566666666667e+01
    1003  1.600000000000e+01  1.566666666667e+01
    1004  1.700000000000e+01  1.566666666667e+01
    1005  1.800000000000e+01  1.566666666667e+01
    1006  1.900000000000e+01  1.566666666667e+01
    1007  2.000000000000e+01  1.566666666667e+01
    1008  0.000000000000e+00  1.600000000000e+01
    1009  1.000000000000e+00  1.600000000000e+01
    1010  2.000000000000e+00  1.600000000000e+01
    1011  3.000000000000e+00  1.600000000000e+01
    1012  4.000000000000e+00  1.600000000000e+01
    1013  5.000000000000e+00  1.600000000000e+01
    1014  6.000000000000e+00  1.600000000000e+01
    1015  7.000000000000e+00  1.600000000000e+01
    1016  8.000000000000e+00  1.600000000000e+01
    1017  9.000000000000e+00  1.600000000000e+01
    1018  1.000000000000e+01  1.600000000000e+01
    1019  1.100000000000e+01  1.600000000000e+01
    1020  1.200000000000e+01  1.600000000000e+01
    1021  1.300000000000e+01  1.600000000000e+01
    1022  1.400000000000e+01  1.600000000000e+01
    1023  1.500000000000e+01  1.600000000000e+01
    1024  1.600000000000e+01  1.600000000000e+01
    1025  1.700000000000e+01  1.600000000000e+01
    1026  1.800000000000e+01  1.600000000000e+01
    1027  1.900000000000e+01  1.600000000000e+01
    1028  2.000000000000e+01  1.600000000000e+01
    1029  0.000000000000e+00  1.633333333333e+01
    1030  1.000000000000e+00  1.633333333333e+01
    1031  2.000000000000e+00  1.633333333333e+01
    1032  3.000000000000e+00  1.633333333333e+01
    1033  4.000000000000e+00  1.633333333333e+01
    1034  5.000000000000e+00  1.633333333333e+01
    1035  6.000000000000e+00  1.633333333333e+01
    1036  7.000000000000e+00  1.633333333333e+01
    1037  8.000000000000e+00  1.633333333333e+01
    1038  9.000000000000e+00  1.633333333333e+01
    1039  1.000000000000e+01  1.633333333333e+01
    1040  1.100000000000e+01  1.633333333333e+01
    1041  1.200000000000e+01  1.633333333333e+01
    1042  1.300000000000e+01  1.633333333333e+01
    1043  1.400000000000e+01  1.633333333333e+01
    1044  1.500000000000e+01  1.633333333333e+01
    1045  1.600000000000e+01  1.633333333333e+01
    1046  1.700000000000e+01  1.633333333333e+01
    1047  1.800000000000e+01  1.633333333333e+01
    1048  1.900000000000e+01  1.633333333333e+01
    1049  2.000000000000e+01  1.633333333333e+01
    1050  0.000000000000e+00  1.666666666667e+01
    1051  1.000000000000e+00  1.666666666667e+01
    1052  2.000000000000e+00  1.666666666667e+01
    1053  3.000000000000e+00  1.666666666667e+01
    1054  4.000000000000e+00  1.666666666667e+01
    1055  5.000000000000e+00  1.666666666667e+01
    1056  6.000000000000e+00  1.666666666667e+01
    1057  7.000000000000e+00  1.666666666667e+01
    1058  8.000000000000e+00  1.666666666667e+01
    1059  9.000000000000e+00  1.666666666667e+01
    1060  1.000000000000e+01  1.666666666667e+01
    1061  1.100000000000e+01  1.666666666667e+01
    1062  1.200000000000e+01  1.666666666667e+01
    1063  1.300000000000e+01  1.666666666667e+01
    1064  1.400000000000e+01  1.666666666667e+01
    1065  1.500000000000e+01  1.666666666667e+01
    1066  1.600000000000e+01  1.666666666667e+01
    1067  1.700000000000e+01  1.666666666667e+01
    1068  1.800000000000e+01  1.666666666667e+01
    1069  1.900000000000e+01  1.666666666667e+01
    1070  2.000000000000e+01  1.666666666667e+01
    1071  0.000000000000e+00  1.700000000000e+01
    1072  1.000000000000e+00  1.700000000000e+01
    1073  2.000000000000e+00  1.700000000000e+01
    1074  3.000000000000e+00  1.700000000000e+01
    1075  4.000000000000e+00  1.700000000000e+01
    1076  5.000000000000e+00  1.700000000000e+01
    1077  6.000000000000e+00  1.700000000000e+01
    1078  7.000000000000e+00  1.700000000000e+01
    1079  8.000000000000e+00  1.700000000000e+01
    1080  9.000000000000e+00  1.700000000000e+01
    1081  1.000000000000e+01  1.700000000000e+01
    1082  1.100000000000e+01  1.700000000000e+01
    1083  1.200000000000e+01  1.700000000000e+01
    1084  1.300000000000e+01  1.700000000000e+01
    1085  1.400000000000e+01  1.700000000000e+01
    1086  1.500000000000e+01  1.700000000000e+01
    1087  1.600000000000e+01  1.700000000000e+01
    1088  1.700000000000e+01  1.700000000000e+01
    1089  1.800000000000e+01  1.700000000000e+01
    1090  1.900000000000e+01  1.700000000000e+01
    1091  2.000000000000e+01  1.700000000000e+01
    1092  0.000000000000e+00  1.733333333333e+01
    1093  1.000000000000e+00  1.733333333333e+01
    1094  2.000000000000e+00  1.733333333333e+01
    1095  3.000000000000e+00  1.733333333333e+01
    1096  4.000000000000e+00  1.733333333333e+01
    1097  5.000000000000e+00  1.733333333333e+01
    1098  6.000000000000e+00  1.733333333333e+01
    1099  7.000000000000e+00  1.733333333333e+01
    1100  8.000000000000e+00  1.733333333333e+01
    1101  9.000000000000e+00  1.733333333333e+01
    1102  1.000000000000e+01  1.733333333333e+01
    1103  1.100000000000e+01  1.733333333333e+01
    1104  1.200000000000e+01  1.733333333333e+01
    1105  1.300000000000e+01  1.733333333333e+01
    1106  1.400000000000e+01  1.733333333333e+01
    1107  1.500000000000e+01  1.733333333333e+01
    1108  1.600000000000e+01  1.733333333333e+01
    1109  1.700000000000e+01  1.733333333333e+01
    1110  1.800000000000e+01  1.733333333333e+01
    1111  1.900000000000e+01  1.733333333333e+01
    1112  2.000000000000e+01  1.733333333333e+01
    1113  0.000000000000e+00  1.766666666667e+01
    1114  1.000000000000e+00  1.766666666667e+01
    1115  2.000000000000e+00  1.766666666667e+01
    1116  3.000000000000e+00  1.766666666667e+01
    1117  4.000000000000e+00  1.766666666667e+01
    1118  5.000000000000e+00  1.766666666667e+01
    1119  6.000000000000e+00  1.766666666667e+01
    1120  7.000000000000e+00  1.766666666667e+01
    1121  8.000000000000e+00  1.766666666667e+01
    1122  9.000000000000e+00  1.766666666667e+01
    1123  1.000000000000e+01  1.766666666667e+01
    1124  1.100000000000e+01  1.766666666667e+01
    1125  1.200000000000e+01  1.766666666667e+01
    1126  1.300000000000e+01  1.766666666667e+01
    1127  1.400000000000e+01  1.766666666667e+01
    1128  1.500000000000e+01  1.766666666667e+01
    1129  1.600000000000e+01  1.766666666667e+01
    1130  1.700000000000e+01  1.766666666667e+01
    1131  1.800000000000e+01  1.766666666667e+01
    1132  1.900000000000e+01  1.766666666667e+01
    1133  2.000000000000e+01  1.766666666667e+01
    1134  0.000000000000e+00  1.800000000000e+01
    1135  1.000000000000e+00  1.800000000000e+01
    1136  2.000000000000e+00  1.800000000000e+01
    1137  3.000000000000e+00  1.800000000000e+01
    1138  4.000000000000e+00  1.800000000000e+01
    1139  5.000000000000e+00  1.800000000000e+01
    1140  6.000000000000e+00  1.800000000000e+01
    1141  7.000000000000e+00  1.800000000000e+01
    1142  8.000000000000e+00  1.800000000000e+01
    1143  9.000000000000e+00  1.800000000000e+01
    1144  1.000000000000e+01  1.800000000000e+01
    1145  1.100000000000e+01  1.800000000000e+01
    1146  1.200000000000e+01  1.800000000000e+01
    1147  1.300000000000e+01  1.800000000000e+01
    1148  1.400000000000e+01  1.800000000000e+01
    1149  1.500000000000e+01  1.800000000000e+01
    1150  1.600000000000e+01  1.800000000000e+01
    1151  1.700000000000e+01  1.800000000000e+01
    1152  1.800000000000e+01  1.800000000000e+01
    1153  1.900000000000e+01  1.800000000000e+01
    1154  2.000000000000e+01  1.800000000000e+01
    1155  0.000000000000e+00  1.833333333333e+01
    1156  1.000000000000e+00  1.833333333333e+01
    1157  2.000000000000e+00  1.833333333333e+01
    1158  3.000000000000e+00  1.833333333333e+01
    1159  4.000000000000e+00  1.833333333333e+01
    1160  5.000000000000e+00  1.833333333333e+01
    1161  6.000000000000e+00  1.833333333333e+01
    1162  7.000000000000e+00  1.833333333333e+01
    1163  8.000000000000e+00  1.833333333333e+01
    1164  9.000000000000e+00  1.833333333333e+01
    1165  1.000000000000e+01  1.833333333333e+01
    1166  1.100000000000e+01  1.833333333333e+01
    1167  1.200000000000e+01  1.833333333333e+01
    1168  1.300000000000e+01  1.833333333333e+01
    1169  1.400000000000e+01  1.833333333333e+01
    1170  1.500000000000e+01  1.833333333333e+01
    1171  1.600000000000e+01  1.833333333333e+01
    1172  1.700000000000e+01  1.833333333333e+01
    1173  1.800000000000e+01  1.833333333333e+01
    1174  1.900000000000e+01  1.833333333333e+01
    1175  2.000000000000e+01  1.833333333333e+01
    1176  0.000000000000e+00  1.866666666667e+01
    1177  1.000000000000e+00  1.866666666667e+01
    1178  2.000000000000e+00  1.866666666667e+01
    1179  3.000000000000e+00  1.866666666667e+01
    1180  4.000000000000e+00  1.866666666667e+01
    1181  5.000000000000e+00  1.866666666667e+01
    1182  6.000000000000e+00  1.866666666667e+01
    1183  7.000000000000e+00  1.866666666667e+01
    1184  8.000000000000e+00  1.866666666667e+01
    1185  9.000000000000e+00  1.866666666667e+01
    1186  1.000000000000e+01  1.866666666667e+01
    1187  1.100000000000e+01  1.866666666667e+01
    1188  1.200000000000e+01  1.866666666667e+01
    1189  1.300000000000e+01  1.866666666667e+01
    1190  1.400000000000e+01  1.866666666667e+01
    1191  1.500000000000e+01  1.866666666667e+01
    1192  1.600000000000e+01  1.866666666667e+01
    1193  1.700000000000e+01  1.866666666667e+01
    1194  1.800000000000e+01  1.866666666667e+01
    1195  1.900000000000e+01  1.866666666667e+01
    1196  2.000000000000e+01  1.866666666667e+01
    1197  0.000000000000e+00  1.900000000000e+01
    1198  1.000000000000e+00  1.900000000000e+01
    1199  2.000000000000e+00  1.900000000000e+01
    1200  3.000000000000e+00  1.900000000000e+01
    1201  4.000000000000e+00  1.900000000000e+01
    1202  5.000000000000e+00  1.900000000000e+01
    1203  6.000000000000e+00  1.900000000000e+01
    1204  7.000000000000e+00  1.900000000000e+01
    1205  8.000000000000e+00  1.900000000000e+01
    1206  9.000000000000e+00  1.900000000000e+01
    1207  1.000000000000e+01  1.900000000000e+01
    1208  1.100000000000e+01  1.900000000000e+01
    1209  1.200000000000e+01  1.900000000000e+01
    1210  1.300000000000e+01  1.900000000000e+01
    1211  1.400000000000e+01  1.900000000000e+01
    1212  1.500000000000e+01  1.900000000000e+01
    1213  1.600000000000e+01  1.900000000000e+01
    1214  1.700000000000e+01  1.900000000000e+01
    1215  1.800000000000e+01  1.900000000000e+01
    1216  1.900000000000e+01  1.900000000000e+01
    1217  2.000000000000e+01  1.900000000000e+01
    1218  0.000000000000e+00  1.933333333333e+01
    1219  1.000000000000e+00  1.933333333333e+01
    1220  2.000000000000e+00  1.933333333333e+01
    1221  3.000000000000e+00  1.933333333333e+01
    1222  4.000000000000e+00  1.933333333333e+01
    1223  5.000000000000e+00  1.933333333333e+01
    1224  6.000000000000e+00  1.933333333333e+01
    1225  7.000000000000e+00  1.933333333333e+01
    1226  8.000000000000e+00  1.933333333333e+01
    1227  9.000000000000e+00  1.933333333333e+01
    1228  1.000000000000e+01  1.933333333333e+01
    1229  1.100000000000e+01  1.933333333333e+01
    1230  1.200000000000e+01  1.933333333333e+01
    1231  1.300000000000e+01  1.933333333333e+01
    1232  1.400000000000e+01  1.933333333333e+01
    1233  1.500000000000e+01  1.933333333333e+01
    1234  1.600000000000e+01  1.933333333333e+01
    1235  1.700000000000e+01  1.933333333333e+01
    1236  1.800000000000e+01  1.933333333333e+01
    1237  1.900000000000e+01  1.933333333333e+01
    1238  2.000000000000e+01  1.933333333333e+01
    1239  0.000000000000e+00  1.966666666667e+01
    1240  1.000000000000e+00  1.966666666667e+01
    1241  2.000000000000e+00  1.966666666667e+01
    1242  3.000000000000e+00  1.966666666667e+01
    1243  4.000000000000e+00  1.966666666667e+01
    1244  5.000000000000e+00  1.966666666667e+01
    1245  6.000000000000e+00  1.966666666667e+01
    1246  7.000000000000e+00  1.966666666667e+01
    1247  8.000000000000e+00  1.966666666667e+01
    1248  9.000000000000e+00  1.966666666667e+01
    1249  1.000000000000e+01  1.966666666667e+01
    1250  1.100000000000e+01  1.966666666667e+01
    1251  1.200000000000e+01  1.966666666667e+01
    1252  1.300000000000e+01  1.966666666667e+01
    1253  1.400000000000e+01  1.966666666667e+01
    1254  1.500000000000e+01  1.966666666667e+01
    1255  1.600000000000e+01  1.966666666667e+01
    1256  1.700000000000e+01  1.966666666667e+01
    1257  1.800000000000e+01  1.966666666667e+01
    1258  1.900000000000e+01  1.966666666667e+01
    1259  2.000000000000e+01  1.966666666667e+01
    1260  0.000000000000e+00  2.000000000000e+01
    1261  1.000000000000e+00  2.000000000000e+01
    1262  2.000000000000e+00  2.000000000000e+01
    1263  3.000000000000e+00  2.000000000000e+01
    1264  4.000000000000e+00  2.000000000000e+01
    1265  5.000000000000e+00  2.000000000000e+01
    1266  6.000000000000e+00  2.000000000000e+01
    1267  7.000000000000e+00  2.000000000000e+01
    1268  8.000000000000e+00  2.000000000000e+01
    1269  9.000000000000e+00  2.000000000000e+01
    1270  1.000000000000e+01  2.000000000000e+01
    1271  1.100000000000e+01  2.000000000000e+01
    1272  1.200000000000e+01  2.000000000000e+01
    1273  1.300000000000e+01  2.000000000000e+01
    1274  1.400000000000e+01  2.000000000000e+01
    1275  1.500000000000e+01  2.000000000000e+01
    1276  1.600000000000e+01  2.000000000000e+01
    1277  1.700000000000e+01  2.000000000000e+01
    1278  1.800000000000e+01  2.000000000000e+01
    1279  1.900000000000e+01  2.000000000000e+01
    1280  2.000000000000e+01  2.000000000000e+01
